After Initialization
Pt Ary:

[1, 20, 0, 0, 0],
[2, 19, 0, 0, 0],
[3, 18, 0, 0, 0],
[4, 17, 0, 0, 0],
[5, 16, 0, 0, 0],
[6, 15, 0, 0, 0],
[7, 14, 0, 0, 0],
[8, 13, 0, 0, 0],
[9, 12, 0, 0, 0],
[10, 11, 0, 0, 0],
[11, 10, 0, 0, 0],
[12, 9, 0, 0, 0],
[13, 8, 0, 0, 0],
[14, 7, 0, 0, 0],
[15, 6, 0, 0, 0],
[16, 7, 0, 0, 0],
[17, 8, 0, 0, 0],
[18, 9, 0, 0, 0],
[19, 10, 0, 0, 0],
[20, 11, 0, 0, 0],
[21, 12, 0, 0, 0],
[22, 13, 0, 0, 0],
[23, 14, 0, 0, 0],
[24, 15, 0, 0, 0],
[25, 16, 0, 0, 0],
[26, 17, 0, 0, 0],
[27, 18, 0, 0, 0],
[28, 19, 0, 0, 0],
[29, 20, 0, 0, 0],
[28, 21, 0, 0, 0],
[27, 22, 0, 0, 0],
[26, 23, 0, 0, 0],
[25, 24, 0, 0, 0],
[24, 25, 0, 0, 0],
[23, 26, 0, 0, 0],
[22, 27, 0, 0, 0],
[21, 28, 0, 0, 0],
[20, 29, 0, 0, 0],
[19, 30, 0, 0, 0],
[18, 31, 0, 0, 0],
[17, 32, 0, 0, 0],
[16, 33, 0, 0, 0],
[15, 34, 0, 0, 0],
[14, 33, 0, 0, 0],
[13, 32, 0, 0, 0],
[12, 31, 0, 0, 0],
[11, 30, 0, 0, 0],
[10, 29, 0, 0, 0],
[9, 28, 0, 0, 0],
[8, 27, 0, 0, 0],
[7, 26, 0, 0, 0],
[6, 25, 0, 0, 0],
[5, 24, 0, 0, 0],
[4, 23, 0, 0, 0],
[3, 22, 0, 0, 0],
[2, 21, 0, 0, 0],


After Corner Detection: 

Q: 0
P: 4
R: 8
Index: 4
x: 5
y: 16
curvature: 0

Q: 1
P: 5
R: 9
Index: 5
x: 6
y: 15
curvature: 0

Q: 2
P: 6
R: 10
Index: 6
x: 7
y: 14
curvature: 0

Q: 3
P: 7
R: 11
Index: 7
x: 8
y: 13
curvature: 0

Q: 4
P: 8
R: 12
Index: 8
x: 9
y: 12
curvature: 0

Q: 5
P: 9
R: 13
Index: 9
x: 10
y: 11
curvature: 0

Q: 6
P: 10
R: 14
Index: 10
x: 11
y: 10
curvature: 0

Q: 7
P: 11
R: 15
Index: 11
x: 12
y: 9
curvature: 0.5

Q: 8
P: 12
R: 16
Index: 12
x: 13
y: 8
curvature: 1

Q: 9
P: 13
R: 17
Index: 13
x: 14
y: 7
curvature: 1.5

Q: 10
P: 14
R: 18
Index: 14
x: 15
y: 6
curvature: 2

Q: 11
P: 15
R: 19
Index: 15
x: 16
y: 7
curvature: 1.5

Q: 12
P: 16
R: 20
Index: 16
x: 17
y: 8
curvature: 1

Q: 13
P: 17
R: 21
Index: 17
x: 18
y: 9
curvature: 0.5

Q: 14
P: 18
R: 22
Index: 18
x: 19
y: 10
curvature: 0

Q: 15
P: 19
R: 23
Index: 19
x: 20
y: 11
curvature: 0

Q: 16
P: 20
R: 24
Index: 20
x: 21
y: 12
curvature: 0

Q: 17
P: 21
R: 25
Index: 21
x: 22
y: 13
curvature: 0

Q: 18
P: 22
R: 26
Index: 22
x: 23
y: 14
curvature: 0

Q: 19
P: 23
R: 27
Index: 23
x: 24
y: 15
curvature: 0

Q: 20
P: 24
R: 28
Index: 24
x: 25
y: 16
curvature: 0

Q: 21
P: 25
R: 29
Index: 25
x: 26
y: 17
curvature: 1

Q: 22
P: 26
R: 30
Index: 26
x: 27
y: 18
curvature: 7

Q: 23
P: 27
R: 31
Index: 27
x: 28
y: 19
curvature: 3

Q: 24
P: 28
R: 32
Index: 28
x: 29
y: 20
curvature: 2

Q: 25
P: 29
R: 33
Index: 29
x: 28
y: 21
curvature: 3

Q: 26
P: 30
R: 34
Index: 30
x: 27
y: 22
curvature: 7

Q: 27
P: 31
R: 35
Index: 31
x: 26
y: 23
curvature: 1

Q: 28
P: 32
R: 36
Index: 32
x: 25
y: 24
curvature: 0

Q: 29
P: 33
R: 37
Index: 33
x: 24
y: 25
curvature: 0

Q: 30
P: 34
R: 38
Index: 34
x: 23
y: 26
curvature: 0

Q: 31
P: 35
R: 39
Index: 35
x: 22
y: 27
curvature: 0

Q: 32
P: 36
R: 40
Index: 36
x: 21
y: 28
curvature: 0

Q: 33
P: 37
R: 41
Index: 37
x: 20
y: 29
curvature: 0

Q: 34
P: 38
R: 42
Index: 38
x: 19
y: 30
curvature: 0

Q: 35
P: 39
R: 43
Index: 39
x: 18
y: 31
curvature: 0.5

Q: 36
P: 40
R: 44
Index: 40
x: 17
y: 32
curvature: 1

Q: 37
P: 41
R: 45
Index: 41
x: 16
y: 33
curvature: 1.5

Q: 38
P: 42
R: 46
Index: 42
x: 15
y: 34
curvature: 2

Q: 39
P: 43
R: 47
Index: 43
x: 14
y: 33
curvature: 1.5

Q: 40
P: 44
R: 48
Index: 44
x: 13
y: 32
curvature: 1

Q: 41
P: 45
R: 49
Index: 45
x: 12
y: 31
curvature: 0.5

Q: 42
P: 46
R: 50
Index: 46
x: 11
y: 30
curvature: 0

Q: 43
P: 47
R: 51
Index: 47
x: 10
y: 29
curvature: 0

Q: 44
P: 48
R: 52
Index: 48
x: 9
y: 28
curvature: 0

Q: 45
P: 49
R: 53
Index: 49
x: 8
y: 27
curvature: 0

Q: 46
P: 50
R: 54
Index: 50
x: 7
y: 26
curvature: 0

Q: 47
P: 51
R: 55
Index: 51
x: 6
y: 25
curvature: 0

Q: 48
P: 52
R: 0
Index: 52
x: 5
y: 24
curvature: 0

Q: 49
P: 53
R: 1
Index: 53
x: 4
y: 23
curvature: 1

Q: 50
P: 54
R: 2
Index: 54
x: 3
y: 22
curvature: 7

Q: 51
P: 55
R: 3
Index: 55
x: 2
y: 21
curvature: 3

Q: 52
P: 0
R: 4
Index: 0
x: 1
y: 20
curvature: 2

Q: 53
P: 1
R: 5
Index: 1
x: 2
y: 19
curvature: 3

Q: 54
P: 2
R: 6
Index: 2
x: 3
y: 18
curvature: 7

Q: 55
P: 3
R: 7
Index: 3
x: 4
y: 17
curvature: 1

After Calculating the Curvature
Pt Ary:

[1, 20, 2, 0, 0],
[2, 19, 3, 0, 0],
[3, 18, 7, 0, 0],
[4, 17, 1, 0, 0],
[5, 16, 0, 0, 0],
[6, 15, 0, 0, 0],
[7, 14, 0, 0, 0],
[8, 13, 0, 0, 0],
[9, 12, 0, 0, 0],
[10, 11, 0, 0, 0],
[11, 10, 0, 0, 0],
[12, 9, 0.5, 0, 0],
[13, 8, 1, 0, 0],
[14, 7, 1.5, 0, 0],
[15, 6, 2, 0, 0],
[16, 7, 1.5, 0, 0],
[17, 8, 1, 0, 0],
[18, 9, 0.5, 0, 0],
[19, 10, 0, 0, 0],
[20, 11, 0, 0, 0],
[21, 12, 0, 0, 0],
[22, 13, 0, 0, 0],
[23, 14, 0, 0, 0],
[24, 15, 0, 0, 0],
[25, 16, 0, 0, 0],
[26, 17, 1, 0, 0],
[27, 18, 7, 0, 0],
[28, 19, 3, 0, 0],
[29, 20, 2, 0, 0],
[28, 21, 3, 0, 0],
[27, 22, 7, 0, 0],
[26, 23, 1, 0, 0],
[25, 24, 0, 0, 0],
[24, 25, 0, 0, 0],
[23, 26, 0, 0, 0],
[22, 27, 0, 0, 0],
[21, 28, 0, 0, 0],
[20, 29, 0, 0, 0],
[19, 30, 0, 0, 0],
[18, 31, 0.5, 0, 0],
[17, 32, 1, 0, 0],
[16, 33, 1.5, 0, 0],
[15, 34, 2, 0, 0],
[14, 33, 1.5, 0, 0],
[13, 32, 1, 0, 0],
[12, 31, 0.5, 0, 0],
[11, 30, 0, 0, 0],
[10, 29, 0, 0, 0],
[9, 28, 0, 0, 0],
[8, 27, 0, 0, 0],
[7, 26, 0, 0, 0],
[6, 25, 0, 0, 0],
[5, 24, 0, 0, 0],
[4, 23, 1, 0, 0],
[3, 22, 7, 0, 0],
[2, 21, 3, 0, 0],


After Computing the Local Maxima
Pt Ary:

[1, 20, 2, 0, 0],
[2, 19, 3, 0, 0],
[3, 18, 7, 1, 0],
[4, 17, 1, 0, 0],
[5, 16, 0, 0, 0],
[6, 15, 0, 0, 0],
[7, 14, 0, 0, 0],
[8, 13, 0, 0, 0],
[9, 12, 0, 0, 0],
[10, 11, 0, 0, 0],
[11, 10, 0, 0, 0],
[12, 9, 0.5, 0, 0],
[13, 8, 1, 0, 0],
[14, 7, 1.5, 0, 0],
[15, 6, 2, 1, 0],
[16, 7, 1.5, 0, 0],
[17, 8, 1, 0, 0],
[18, 9, 0.5, 0, 0],
[19, 10, 0, 0, 0],
[20, 11, 0, 0, 0],
[21, 12, 0, 0, 0],
[22, 13, 0, 0, 0],
[23, 14, 0, 0, 0],
[24, 15, 0, 0, 0],
[25, 16, 0, 0, 0],
[26, 17, 1, 0, 0],
[27, 18, 7, 1, 0],
[28, 19, 3, 0, 0],
[29, 20, 2, 0, 0],
[28, 21, 3, 0, 0],
[27, 22, 7, 1, 0],
[26, 23, 1, 0, 0],
[25, 24, 0, 0, 0],
[24, 25, 0, 0, 0],
[23, 26, 0, 0, 0],
[22, 27, 0, 0, 0],
[21, 28, 0, 0, 0],
[20, 29, 0, 0, 0],
[19, 30, 0, 0, 0],
[18, 31, 0.5, 0, 0],
[17, 32, 1, 0, 0],
[16, 33, 1.5, 0, 0],
[15, 34, 2, 1, 0],
[14, 33, 1.5, 0, 0],
[13, 32, 1, 0, 0],
[12, 31, 0.5, 0, 0],
[11, 30, 0, 0, 0],
[10, 29, 0, 0, 0],
[9, 28, 0, 0, 0],
[8, 27, 0, 0, 0],
[7, 26, 0, 0, 0],
[6, 25, 0, 0, 0],
[5, 24, 0, 0, 0],
[4, 23, 1, 0, 0],
[3, 22, 7, 1, 0],
[2, 21, 3, 0, 0],


After Marking the Corners
Pt Ary:

[1, 20, 2, 0, 1],
[2, 19, 3, 0, 1],
[3, 18, 7, 1, 9],
[4, 17, 1, 0, 1],
[5, 16, 0, 0, 1],
[6, 15, 0, 0, 1],
[7, 14, 0, 0, 1],
[8, 13, 0, 0, 1],
[9, 12, 0, 0, 1],
[10, 11, 0, 0, 1],
[11, 10, 0, 0, 1],
[12, 9, 0.5, 0, 1],
[13, 8, 1, 0, 1],
[14, 7, 1.5, 0, 1],
[15, 6, 2, 1, 9],
[16, 7, 1.5, 0, 1],
[17, 8, 1, 0, 1],
[18, 9, 0.5, 0, 1],
[19, 10, 0, 0, 1],
[20, 11, 0, 0, 1],
[21, 12, 0, 0, 1],
[22, 13, 0, 0, 1],
[23, 14, 0, 0, 1],
[24, 15, 0, 0, 1],
[25, 16, 0, 0, 1],
[26, 17, 1, 0, 1],
[27, 18, 7, 1, 9],
[28, 19, 3, 0, 1],
[29, 20, 2, 0, 1],
[28, 21, 3, 0, 1],
[27, 22, 7, 1, 9],
[26, 23, 1, 0, 1],
[25, 24, 0, 0, 1],
[24, 25, 0, 0, 1],
[23, 26, 0, 0, 1],
[22, 27, 0, 0, 1],
[21, 28, 0, 0, 1],
[20, 29, 0, 0, 1],
[19, 30, 0, 0, 1],
[18, 31, 0.5, 0, 1],
[17, 32, 1, 0, 1],
[16, 33, 1.5, 0, 1],
[15, 34, 2, 1, 9],
[14, 33, 1.5, 0, 1],
[13, 32, 1, 0, 1],
[12, 31, 0.5, 0, 1],
[11, 30, 0, 0, 1],
[10, 29, 0, 0, 1],
[9, 28, 0, 0, 1],
[8, 27, 0, 0, 1],
[7, 26, 0, 0, 1],
[6, 25, 0, 0, 1],
[5, 24, 0, 0, 1],
[4, 23, 1, 0, 1],
[3, 22, 7, 1, 9],
[2, 21, 3, 0, 1],


